20
01001001010100000001
11000000110110100100
11000100001001011010
11000010010001011010
00000000111000011111
10010100001011100001
10000010001010101101
11001011100000101001
10110011010110001100
10010110000110110101
11000100111100101010
11111001000011001100
10110101100110000011
10011011101000011101
11111010101010110100
11100111110000101110
11000100111101101110
00001110011101111101
10111111110001110000
01111000110110011011
20
01000011110000000010
00000000011010110111
10110000001101001010
10000110010001110100
10100010001001110100
10000100001100101011
10000010110110001001
11000111000010101010
11011011000101100001
10110100100100001111
10100010111010111000
10111001100110010010
10011101110100100001
11010101001010100111
10100010111011111001
11111101010011001100
11011110001110001101
10101111010010111001
01011010110110110110
01100100111001101111
