50
00001101100010000000010111011100100000011000000110
00010100011000100010100101000010101111110000001011
10110011000000001000011110110001010000010011010110
01010111110100011010100000011000010000000101011100
00101001001010011000001101101001101100100101010100
00101000100111010001111101100000000101100110010001
11110010101100000111110000001110000100001101000100
11100100001101000001000010000101001100010111100111
11110000101110000001110001100101110101100001010000
11000101000101011111000111111001000110000100000010
00011101100000011101111110011011000000101001000010
10010001001010101110011011100101100100000001110001
00100110010001011101010001111000110001000010111010
01011101000111001101010010000010101011100111000000
01111011001101100101001100000000000011001011001011
10110101000101001010001101010000100011011001110100
00100100100100001001011011011101101110111001010000
00101010101000100111000101011110010011101000110100
11011100010011111100100101001011100000001100001100
01000010110100011001011010010001111010100001100111
01100101011001001000111101001101110000100101000101
00000100010110111100100010010010111101011111100100
10001101011000001101111100001010110101101111000000
01010100100101111010010000010110110010110101110001
10011001111110011010101110101001000101011100000011
00101101111101101110110010000100000011011000110111
00100111011111010001011001111010111110011000000001
10100100100110010010110010011101110110110111000110
11101011101011100011001101100100010000000111111100
11101000000101111010011110001001011100110111001100
10111001011001010101110010000101111101110010100011
10111001010111100110101110001110000111101000101001
01010001101110101010000011101001111001010111111100
10010010000001011110111110110101101010001111110100
11111000001100010010110101011010001110111000110111
00011111011110101100001101001101110011100101100101
10010101010100001111011101101111100001101100011101
11011101000000100011111101101100111100011010101011
10100110011111111101101110100001101100111100000010
11100101111111000100011101101000011000111110101101
00111010011001101001100011111110101110101011010101
10101100111100011111110010100101101011000111110011
00001011011010100111001111000011111111011111100011
10011101101111111110010111100110101010001001110010
11011111000010011111010001110011101100111010011011
10111011011011111111011111001000000101110110010100
00101111101101110110101111110011100011011011100011
11110001111001010110110010111110001111011110110011
11101011110101010000111001111111001111111101001101
10010110111100011111010101111011010110111111110111
50
00000111001100000000011011111000001000011000001010
11101001000000000000111110010100110000010100111010
00111011111000101100100000110000010000000110011100
00100010010011001100001001000011001111110000000111
11111000001010101111010000101001000000101110001000
01000101100110000000101101100110101001100110011000
01000100101100111010011101000100000011100010110001
11010010000010110010000010001010100000110111101011
11100011000000110100101101010000001110011101011000
10010011100000110111101011110100100100100010000010
11110000001110101010010001001100111011100100010000
01001010110000010011110001110100011010000001110110
00100111101000001011111110110001100001001100000010
01111101000011110011001100000000000110001100100111
10100001000111000101110111001100101000100101010001
00110111000100110011110010000011001111000110100000
01010011010010011000111101101000111001000110001001
10110110110101011001101001100001101000001010001100
00011000111000100010110110010010111101000101001011
01001100001011000111001001111001010111001001011000
01000010001000100010110111111010101101111100010000
00000010110101101001100010010011011010111111101000
00110010101001110100110000011001011101010111010001
10000111010010001011111100100001011011101110100000
10100101111110101100101110100100100010111010000011
01000111011011111101110010001000000110011001011011
11011101001111010110001101001100010000000111111100
11000010101100101100010010111000111101110110101010
11010100100001110100111110100010110001110110101100
01001011110110110010010101110111011100111000000001
11110100100010101100011001110011000101111001011011
11100101110010011011010010001010111011110001100011
11100101010101111101001110101001000111101001000101
10101000100000011101111110011110101100001111111000
00110001001111100100100011100110111010010111111100
10100011010000100111111101101101101011001010011101
10110111000001001110011101101110011000111001100111
11001010110111111011101110000110101001111010000010
00101111010111100001101101101000111111000111001001
11010011011110110001011101100110010001011011101101
01101100010011011010100011111111001101101100111001
10100111101111110101111011001111001100001101010010
11000110111010101111110010001110101110000111110011
10111111100100000111110001010111101001111000110111
00001101010111000111001111000011111110111111100011
11101101110111010111111111100000000011110010111000
11110001111010011101010010111111000110111011110011
01001111101011111101001111010101101110011101100011
11011101111000111000010101111111100111111110001101
10101010111010100111111001110101110101111111111011
