100
0101010000111010000110010111100000000001101100010001011100000000100011110000100011001011000010011000
1001000010011101011011010001100011000000101001000011011011010010100100010000100000111000000101001000
0000100110110010111011101001101001011100011110001000001000100001000001110000100000000100001100110000
0101100100000000100100000101101000000010110011001010100011001110100001101000110110001110010000111101
1001000101001010010000001001101100110100110000001010011101110100011101000100010000010110011010000111
0000100010001010111110010010010100001010010001101100010000001001011001110010110010000110111101101000
0101010111010101110010000001000100011001000000100001001011110110000110001100111110101000010100100100
0011000100010000111000100001110111011000011101110100000110010100101010010001001111001011010001000100
1000010000010000101001110100010010000111011110101100100100111110101100101000000011100001101000011100
1010000110001100010100100111110001100001100100110010100101001001011011011101010100000000100010010011
0000011000010111011110000000100010001100011001001010001011110101111010011110010010000111010001100001
0010000010111001101110110111010011000100000000111011000110011101000011000001010101111000000001110010
0011011001010010100010001100100011001010100011101010001111001000000111100000100101101101000001110101
1101101010000011111000100101100100001101111001011011110110010100001010010000011001001100000001001000
0001010101001110001000111000010010101010111000000110010011011101100001111000000101111100101001000010
0011110000100100101000010011010010000000111111010000010100101000011101011011101000010010011011110100
0010000010000110001100000000010011110011111111111001001101010011000101000111101010001010010100001011
1111000100000110010001000100110001110010110101110100101000111001101000001001100010111001111100000010
0111101000010011000001100110010000010001100100001010011001110101010100101110101101111000111001100000
0110010100001010111010100101110001000001001000110001101000110111100011010001110001001001111100000110
1101010111011000110110110011001011010001000111011101000101000111000110100110100000000001011000100100
0010010110100001001100110110111010110110001010111010111100001001000010011100110100111000000000011001
1100110010000110101101110011111000010101101010011001000101010001110010101010000110110100110000000100
0101110100000101011010011010001010001101110100100110100110100001101100000111000100101101100010101001
0001100010101001101010100111001011010001111110101001010011010000011010100111001001010001100010011010
1111011011001011100010000000111010110001001101101100101010000000011101001100110100101101110100010000
0100011000111111111100010001010110010101101001100010100001100010111010100001010001011010110100011000
1100101011100001010110110000111010001000110000101001111001111100110011100000111101101100000100000100
0101011010000010110111000110010101001110000110101100000001000111001011101111001011101110000001100010
1000111000110001101110001010111010000110010100011101110001000111100000110000001011000111011100101100
0100100011010100100000101000110101111101010100001000111101110011011100110000000110100111001101100001
1000011000011100001101000101100001111101000110001001000010100110111111110100011010101010011111000000
1110101110111100001010100100000011101011111000010101111000100100110100110100010001000010101010011001
0001100110010101001101001111111110001001010101100000001100011011111101111010100101000011000010001000
0010010010110111101100001000110100010111010110110011000010001100100000000101111010001111101110001101
1011100111101100110010010101110110001110100010010010000000111100011111010001001000110100010010111001
0111100000111101011000010010111100000001000001010101001110101100101000101110011001001011111101001011
1010000101011110000101000111101110101000011111100010100101100111000011101010100100010101110110000100
0100011100110000010010001010110011010111001100001101000011000100011001111001110110000110111101010111
0001101101010100001010010101010110110011000011010001110011000001100011111110101011010110011000100110
1110011001011100011010110111011010000001010000111010000001101001000001110010110000101001111011011101
1011100100111110000001111110101100011110000000010000001101101101100010110111010100001101100011010110
0111010111111111010001110110111110000110000001111000001000001000111111101110100001110100001000001000
1010101001110110010010010000001011010011100110110000000101011110101000101110001110111001110110011001
1001100100100110111100001001000000101111111000001100000100110011101010110101011001110111011011101000
0011111111100111010000111110000001101000011101011001101000110000101111011011111001000000000101010100
0100001001010011101010010011001101011111010110100101110000110001101000011010110010011000100111011110
0111110010010101011110100100001110101010000100111011011101000001001111001110111101111100000000100000
0100100100101000110101000010100100011100101110101101110011011100100000101101111111111000001011010110
0101011101011101001110101110110000001100111101101101101111000000001001100101110100111010100000000101
0101001001100010001011001100111111101000010110100101001111001000110100100111110010000100011111111010
1101011100110010001100110010101101011011101000100101111000010011110001100011011100001011001101001001
1101000100101010101110001011011111011000011100000011010001111010000011100011011011010011011011110000
1110100000101110110111111000110001110110000010110101101011011001101001101100010001110000001011010100
0000100010010001111100010001011011111010000010001111011001110101101110001010110111101100000101101101
0101010111110000110100011011110010100101110010011100101110100111101100010000001011001110001001001011
0010100101000111011111000101100101111100011110010011001101010010001000100111010011010101111100000101
1101010101111000100000001000101010011001110110101001001000100011001001111010111101101110110011011110
0000110110010111110111101111100000011110010011111111100011001000101110000000000100100110101111010100
1011111010010110001101101011100101011011001000011101101000111010100000011001100000000010111011101111
1110000101010000101101101110011010110011001100011000110111111001011100100111110010000010101100001110
1011010001111111100001101000010111111010001010010110110100111010010100101101100111001100010001010010
1110011110100101110100110110001101100011010100001111100001110001010001100101100111011010110001000111
1111011011000011011111000000011111100110010100110001010011011001010011010111111010000010110100001011
1110110111100100010001110010010101101001111100010111011100001001001100100010110000111110100111011001
1111111110001011000001010011011110100111110100001100111010000010011011101100010010001110101101000110
1100010101011010110110101110111001001100101110010011111101100001110110101001010110100010001001100001
0111001001011001011100101101110100001001010100011001110001110111000111111010001111011110100000011100
1111001011000110110111100100101000110101110100110011011000001011101110100101101011100000010001110110
1000101011000000011001110100111100011111011000000110101011101101010000110101001111111101011111100010
0010110111100101111111100111011100101010011001001000100100111001101110001001100011111101111010000000
1001000011011011011100101100010011010011000100001101011111111011001110111010010010110101100111010001
0101010000001110101001110111011111110110101010000011010101010110101111101111101000000011101011000100
1011100110111111010011100001100011010100101111101110001100001001100000100010011010100111011111110100
1001010110001111100001000111111000010011000001000110111011110111001100101010000011110011110111011101
0111010000011000101110100001111100110101111110010101101110101110001111100110001010011100011010100101
0011100111011110111100101010001101001111111101101000110111010111101100010001000001100101010111001000
1001111000110101001011101010100101101111111000100110101111000000110101010101111101110011000011010100
1000000011010101011000101011100011101011111001010011101101010010000101011001111101111110110101101100
0101011101010101100110101100110000111100100100111111001000110110001110011101001001111001011101011001
1011111101101001011100100111100110100011101011001110111011001001001011001100011000110011001000101110
1011010001100000001110001011101011100110000110011110001111100111011000110101100011101101110111000111
0010111001110000000101000111010001110011001100101110101111111110001000010001110101011011111111011101
1111110111100001000101101011101100110001001110010111101001100010001000101111101111100111001011010001
0001101000011101110011001111000110110100101100100100110010110011111011011101101100110110111010101110
0000011111001111011100010110111110101100100110010111101010110011101000111110101110001001110110010001
0011011111011110111011100111111000001011101001000001010001101111100101110011000011101100100011011110
1111011101100011101011000110001011000111101111000100111111111101010000110110101010100010101100010011
1101001111100101110101101100001100110101000010111111101101111010110000001000101010110011110011111100
1010101111011100110111111000001010111001101110011110101000110000111101101110110110000011110001010100
0011101101111101011101010000111000101011111101111110101001000010110000101010100111011101011110111000
1010111110000001101111110111100011111101000101111001000101011101010100001001011010111010111010110110
1111001011000100101010111100111010111011100010111100111111101100001001101111011000110001100110100011
0111110011110101111010110000100101100111101101001111111111100101010010001110101001001100111010010101
1101011001111100111111111010001000011000100111100110101010101011110100111111001001011101101001110001
0010011010011111010010110001001001110010101110001000111000110101011111000110111111111110101101101111
1011111100110111001010001100110011011101101000011011010000111101011111001100001110110101101010111110
1001100111110111011110111010100111111011101110111100111000101011100001110011001011101001101100000010
0111001101101001000000111011111111001010111011011001110011110011011101010111010011101011100000111101
1011101011011010111100111011000111001001111001101110001110100001100111011010001101011011111011111111
100
0000001110101010110111011100001100100110110011011100000000100000000010011100000100000000011010011000
0011000010010111010101110100001001101000000110001001011100010100011100000100000100110010001001100000
0101010000111010001000110101101000011000010010101001001010000000110000011101100100001011000100101000
0101001100000000101000000100101100001001000101010110010101011000010100111000111100001110010000111101
0101010111000111100100010100010000010110001000001001010001110100101101100000111110010110001000010100
0000001010110000111100110011010000000011001100010100101000001011000010011110110100001100111011110000
0011000101110000000100001100011110001100100000011100001111110111001001010000010000101100010110000111
1001000100000010110110000110011001100110011110110000110011000110110000000101101011001111000001000100
0010010000000010110011100010100001010001111011010110100011101110011100101001100000010001100010101100
1010000110010100001110000111101010111000011000100010000110011011100011110100011001000000100100001011
0001010101110100010010101010000011001011000010010000111101011100010010111101001000110010110011000010
1001110001100010100000011000101001101011001101001100010110011000101000011001001100010011010001011101
0000110000100111011100010000001001000010100110011100010101110111110011100110110000001101010001010001
0111101010100001110110000100111000011010100110110111011111000110100000000101010010000010010001100000
1000000010011011111010110111100001100000101000100101010111001100100010010001011001110010000001011010
1001011000001100110000100111000001001000010111110000001010101011001000110110000111101100000111011100
1000000010100100011000000010000011111101011111111101000010010100001111010010100111001110001000100011
1101101000100011000011000011100000011100010000001100001101110101001011101011001110110110100011010000
1100010100110000110110010110101000110000001010101011000001100100110110010101010101000111101010000110
1111000100100100000101000010101010101101011100111010100000101110010010100000100101110111101010000010
0110011010100100111011100111001100011100100011100101000010010101110010101010101000110100110000000100
1000010110001001011010100011101111000101101011101110001110001000100011100100011100110010000000101001
0101011100000101010100111001000101011010111000010010110110100010011011000010001001010011110100110001
0111010111010010101110110101000101110100010101100101100011010000101111001010000100000101000010010100
0001001010011001110010010101100101111100011011010101011000010111100001001011000011100001100100101010
0110101011001001001110110010001101001010001000011111001001111101110000011001011110010010011000000100
0010111000001011111000011011001101000001110000110111101001010000010110001101100010001101011010110100
0100110000111111111100100110010001011100101110000010000100110011110100001001010001101110101000101000
1111110011110001100000010010001111010100011110001110110000000011001001110000011100010111111000001000
0010110000010110011001000100101010110110110001000101010001100011111101011100110010011110001111000000
0101110010100000101101010011110000100011111001000100100001010010100111111011100011011010010001010010
0100001011000110100010001010011010110110110000011110001010110111001110001100101000011001011011010001
1000010010101111111000001010011000010101111001110001010101001000010001000000110111001011111110100101
1110101110011110010010010000100011111011000010111011101001100001011001001101010000001000100110101001
0001001110000111011001001111111101010010011100011000000010001111011110111111001100001001000100100000
0001101101000110010000110110110011010101000101100011011000010000110011111111100110101100010010010110
1110110001010110010110110111100101010000001000110100000100111000000010011110010100010111100111101101
1011001111011100100100110110111001001011100001100000000101101111101000010100000011110100010100111001
1101001000011111010100100011011100010000000100101001110011101010010001101011010010001111101011100011
0100110100001010000100011011001001110101110010000101110001010011000000111100111101001100111011001111
1010000101110110001001000101111111000010011111010010000111110000100110111010001100100101111100000100
1010101001101110000100110000000101111101011001100000000011011110010101101010101010110111101100101001
0100100001100011110000110101010100110111111001010011101000100110010010100110110100100010101101101110
1001111111101101000110101001100010100010010110111111000000100110111000110111010111000000001001001100
1101010111111111000111100011111101000001101100101100000000001011111001111011000100110000010010100000
0011001100101100111100001100000010011011100010010100100010100110110111001101010011111101010111110000
1101011010000111011110010000110111000011011000101101001110010010101011110011011110110010010000010000
1011001100111110000011101001111100000111100000101000000011111000110011001110011001000011110101001110
0000001010000011111100100110000111100111000001001101101101110110111010100011111100010010011001110101
0100001100011000101101000001011000001110111011000111111001011100010001101001111111110010000111001110
0111000100111000111000011111010101100110010010010001001100111100100100011011110011101101000111011000
0111110100101010011010100001011100111111001010001011101000000101010110011010011011001011001011100001
0101110101010111011010011011101000001010111110011111110010010010000001011000011101111010100000000101
1000001101100101011101010100111010100110110011111001000110010110000101001011110001100101111010000101
1110001000111100101111111010001010100101101001101011110000011110010011111001010000110000000111001100
0101100001101000010001011010111111100010011001011001110010011001011001001010110101000100011111111010
0101010111001010101100101111001011011000100001111110110011100010011110000101100010001010010011100011
1011010001111111100011001010010011100111000011100010101110101101001101101001101101000110010001001010
0000011110100111101111011101101000000111101101110111110100011010111000000000001000011000111111001100
0111010101011010100000001000001101011110011001011101000000100010000110111111011110011110110101101110
1110000101000010111011001011100111010101010010100110011010111111001011001010110101001000101010100110
1011111010100110011011001101011000110111000010101111100000101100010100100100000101001100100111110111
0110010101110010101110011011101100101010110011101011001110110001111010101000111001011000000011010001
1111111110110001000001100111010111011001110000011110111000000011100101111000110000001010111011000110
1111100011100100101111010000101110011100111000111001001100001010111111001001100111010100000001011110
1110011111001100000111100011010010111010010010111001101110001010001010001010010100111010111101101001
1101100001010011011110001110111000010010010000110111001001110100101110111111101010101010110000101100
1110110110001101101110100001110110110001010000010111100100110101000011011001101101101110100001000111
1111110011100001011101010010010111100001111000110001011000011101100011010110110111001100101000100011
1011001110111111000111010100001001101100111111001100100110001000010010001010110010011101011111011100
0101010000110100110011100111110111101101100011000001001111010110111101111010000111001001100111000100
0010101011000000010111100010111100010111100010011010110101111001000011001101101011110111011111010010
1000011111001101111111010111110110000011000110010110000010101110111010100001100101110111110110000000
0011000011110011011110001010100001110101010000001101111010111110101110101110110000110001111101001001
0011010110110101100001000111101100010101000100001010111101110110001110101011100000111101101101101101
1011010001001000011000011101001111100001110001101100110111110011000111001101100101010111111101000111
1011111101011001011110000101111011011001000111001110111100011010100011110000010010111001000010110110
0011111000001111010011011001011010111011101010011010110110010001011001010101011111111001000101001100
0101110101000111101010011010101010001110111000101101100101100110101101100101000011110111001011101001
1001001111110110111110001001010100111011111110010110011011010110011110000101000001010101011101100000
0010000011000111010110001101001011111011000110111011000110010100001100110101011111111110111001110100
1101010000010010111010010110011110011100110011111011110011101010101101011010100010100110010110010101
1111011111001001001011001101011110010100010011101011100100110010000101101011101111011001010111001001
1000111001001010001001000111100010110101011010001110110111111110000100000101011101101111101111101101
1001110111110110110111010111101100011011000110000001001001111000011110011111100001010010110101101110
1010101111010110101111111000000111011110010011101110100100100111011001111010111100001101100001001100
0001101000010111100101011101110011001100111010000010111000100111110111110100001111111100110110110110
1111110101101001110001010001100101111001110111001010111011111101000011001110100110011000101010001011
0111100111001101101111001000110110010100101001101111100110111101010100100000100110111101100101111100
0000110111110101011100100011111111001010110001101011110100100110010111101110101110000111101100001001
1010111110000001111011110101101011110110111100100101000011011101001010100000110011111110100110011110
1111100011000100110010111010101111011111001001101110111011111010000001111010010011110001101100010011
1001101101011111011101100010001110011011011110111110100100010001010100101011101100100111011110111000
1101011011001111110110110000011010111001110110001111111111110001100011100011000110000110110110001101
1011111100101111010000011010101001111110100010100101001101101111101011110000101010110001110110111110
0111110001011110111111111001000100001110011101001010110100101001011111101111000011100011110011011001
1000110010110111000110110100000110101101010011001110001001100111101011010011111110111010111011110111
0011001111101111011110111001011011111111011011101110101000101000010110011111100011010011101010000010
1101100101011001000010101111011101101011000111110111011000110111001111010111110001011011100000111101
1011101011110010111110101101010001111010001110011100110110100000111010110111001010101111100111111111
