20
10000110011000100010
00000011001011010001
11000000000001011101
01110010000110001100
00001100011101000110
00000011001101110010
01011101100000000110
01011000110101000100
01001000001110111001
10001011010001001011
10000010101001111110
00001110101101111000
01110100000110011011
01011100010101010110
11000011111011100010
01111111100000011011
11100100011010111101
01100111000101110111
10010110110110111011
01011111111001111110
20
01100000000001011101
01000101011000100010
00000011001101000101
00010100011011001010
10101001000110011000
00000011001011100110
00111000110011001000
00111110100000001010
00110000001110110101
01010011010001010011
01000001101001111110
10101100000110010111
00010101101011110100
00111100010011001110
01100011111101100010
11100100011100111101
10100111000011101111
10111111100000010111
01001101110110110111
00111111111001111110
