50
10101000010010001000010010001010000011100100001100
00011011001111000111001000000000001010000001100110
00010001001010010010010001011000111000101101101010
10001010000100110011010001100000110001101010011010
01110011010001010010000000000011000101110011101110
01010110010011010001100000100010110011000000110111
10010000101111011000000000011101110100101100110001
00111001000101010011111011100000000001100001111100
01100001111110011011001000000110101010010011000001
00000100101000000101111011000011111111011010000100
10111011110100001101100111100000101011001000001000
00001100000001101100111011000111101111000001011001
10100001111100001110010001000110011001100111000110
00100110110101000010010111011000010110010111001100
10011010000011001100010001010001101100111110101011
10001001101001101001110100101011110100110011000100
11001000100001001011100010110110101001010111011100
11100001100100100001000101011111111010111000010100
11101110101111001010001011000101000100010010100101
10011100100010000100101010000110011100111111011001
01000111011010000010110001011011111100100110100110
11110011001001010010110110001000100011100100111101
01010111011110111010110000010101010100101100000111
01000011000111110001000011010101111001101111001011
00111000011011101100111111111110001001000101100000
10011101000110100111100111011000011001011001011001
10101101100011011100110100000110001100110110001111
01001110101000001110010111011000101000010111111110
11000110011101100110110100101110100111101000000111
01110101000001111011100101001001100110101110011110
11100010001111010001011010111011000101010111010011
01010100110100101011000011110110101000111101111001
11000000111101110100110101011010011000100011111011
00111010001010011110100110100101111010100101101111
11010101111110001010000001101111101011001110010110
11100000111000110011101110010001100111110110100111
01010111100111111000010000011111101111001110011000
10101100111101001011011000101100101011100100111101
11000011110110000111110111110001111110100010001110
11101000111101111000110101010011101101011111000001
00001111100101111111101011001000101011111010101100
10001000111101111001111111010100011101011111000001
01110100110001100111010100111101111011011101101000
11101011001010101010101111101110111101000010101010
00111010111111100010110100011100001001111011100111
01011110111111011101111101101101100000001000011101
11011101110101111000001010111011110100011110101100
11000100011111110110100111010110100011110110001111
10111001110110110100011001100011011110011101111111
11101011110110111110100101111000101010110101111101
50
10100110000001010000100010000001100011001001001100
00010100111111001101000001000000010010010010000110
00010000010101000011101000101001010100011111001010
10000100101000100111100000111000000101001100111010
01011010100011000110010000011000100111000010010111
01110010110010000011000000000100101001111010101110
00001001000100001100110011101100111111100100100100
01100011011101010111000001001010110010110000100001
10010001001111010010001000001111001100001111010001
00110100011010000111110011110000000001011010011100
00001100000010111000110011101110111011010000011001
10110111111000011100010110111000010011000100001000
00101011101010000001101110100001001110110001101100
10100011011100011001100000100010110101011001100110
10010100100011011000101000101100011000101111101011
11000101000010010101011010011010110001110001111100
11100001011000100100001100101111110110101100010100
10011101000001001000010011000010111100111101111001
10000101010110110100110100011101101100111000100100
11101101101111010001000011100110001000100010100101
11110000110110000011110110001001000011001011011101
01001010110101000001111000101101111100001011100110
01001101100100011001101110101001010000110011111110
01000000111011100110001010101110010101011101101011
00110110000111111000111111110011110001010011000000
01011010111101110011111000000110001100001101000111
10011100011001101101011110100001010101110100011001
10101101010011011010110100000010111000101001101111
11000011001110101010111100100001110100011010111011
01011011001000110101001010111010110000111111011001
01111000010010110111010100101101001010001101111110
11001010101110101001110100011011101011001100000111
11100000101111000110101011010101101001110001110011
11011011011101010001000000111111110011000101110110
11100011000100100111011111001100001011101011100111
00110100100101011011010110011110010110011011001111
01011001111011110010101000001111111011000101111000
10101111001110010101100001011011010011001011011101
11100111001110110010111100101100111001110101100001
11100100110101110001010111111011111101000010101010
11000011111001001101111110111100011110001000101110
00001101111010111111010011101001010011101110101100
00110111101111100001111100000011010001111110100111
10000111001110110110111111100010011101110101100001
01111011000010101101101100011111010111110111001000
01011111101111011110110101111111000000000100011101
11011111011010110010001011011101101100100111101100
11001010001111101011011110101010100011101001101111
10110111011001101010100001110100111110110111011111
11100111111001111011011100111001010010111011011101
