50
01001000011000100001011100100000000000001110001010
01000110010000011001000111100000000110011100000001
01000001011011000010101000001100000001000011010101
00000101011010001100010010000110001011101000000111
00001001001111110001001001001000010000001010010111
00100010111110000010001011110000110000000110011001
10101110010000110100100000001110101000100001110010
10011010001101000010001000000010110101000110110011
00101111010011011000011101010000100100001010110000
01110111100000001000000001001100111100100110011100
11010000111000010101001001110111111000000100000111
10001001001101001010110001001000111101111010000110
01000010001111011101010110011110001110000001010010
01011011111100101101000010110110000010000101010011
10001101010111010010011110011000001001001011101001
00011000101010111101100111010100110001101000011010
01010010010111011010001101101010000110000110011011
01010110010110101101111100000101000101110101000001
11110111101100000011011100011000010010100101001100
01110001011010110100011000101010110110110001010011
01010111111000010011001010100000111110100101001110
11001111010100100100010110100010111110110000101100
00000111111100110110010110101111110101001000001000
11100111010100010001100010011001001011010110011110
11100011100100100111101110100111011010000100010010
00011100101110011001001110111110110000000100010111
11100011110111110101100000100111100000100111011000
11001101101001100110010011101101110010101000001011
11111010000001011011011011111011010001011001000001
11010001111000001010101111111000101111000110100001
00010011001110101001001110100101100001011001111111
00111110011100111101001001100110010101010110010110
10110111100110100010101011001100110110010110101010
11000001001001001110101111011001111101111001000011
01001010010110011011010100101000110101110101011111
01100111001001111011010010101101101111100010001100
10100111011011101010111100100000000011111011111000
11010011110001001101010110110101101111010001001001
01000011100100111110111110110010110011010000101110
00110111001111101111100001010010110101000101100111
10100000101010001011100000111111110111001111001111
00111111101110010101010110110010100011011111000100
00111111001111101011100000000010011011001101011111
11010010111100100101100010011110111001001111010110
01101111001110010111110010001111110110111001010000
11101011100010110111110111101010101010110101010001
11100011011101101110010011101100001100001111110111
11000011001111101011110110001011111100101001101101
01011010111010101010100111011110110011101010010111
11110111111110111110010100101110111110100000010001
50
01001000010100000010010111100000000000011100010010
01000101010001001001110001100000010001010101000001
01000010011100100100001010011000000000101010001101
00000110011100011000100100010100001101110000011001
00001010001111000111010010001001000000011000011101
00100001111110100001100010100011000010001100000111
10011001000110100100000010000101010010101100110101
10101101010001010010001000011100001110000010110100
00101111011001001101000111000010010010011000100100
01110111100000001001000000011001011110001100001110
01000001001111011100110101011110010101000010010100
11010000110101010001010010110111100110000100011001
10001010000110101101001100001001011110111001011000
00011000101101011011111001010011001010110000010110
11110111100110100000010111001011001001000110001010
01010101011010011010011111010000111000100111000001
01010001011011101101000011101100010001001100010111
01011011110110011010110000110110000001000110010101
10001110011011100100100111001010000100111010100011
00011100101111001000110011111111000010000100011101
11100011100010110010111011110101100101000100010100
01110010011101010010000110101101011011000011010101
01010111110101100000110010100001011111000110011010
11001111010010010010100101100101011111000001101010
00000111110111110010100101111101110010110000000010
11100111010011000000111000001010100101101101011110
11100011111011010110011000110100101010001110000110
11010010110100101001101011101010010111101100100001
11111001000001101101110110101111100000110011000001
00010011001110001010110011110000100010110011111111
11001110100100110111100100111001101011010000010011
11000010000100111101101011001011111110110011010001
00111101010111011011010010110101010000101101011100
01100111000101101110110100111000111111101000001010
01000011100011111010101111100111000011100001111010
01001001011011101000010101101001011010100111011111
10110111101010100011101010011001010011001101110010
10100111011100101110001111100000001001111011100110
11010011110000011100110101110010110111100011000011
10100000101100101000011000111111110011111110011011
00111111001110101110011000000101000101110110011111
00111111101111010000110101100110000011111111001000
11010001110110010010111000011111000110111110011100
00110111001110111111011000000111010010100110111001
01101111001111110000111100011101111011010011000100
01011001111100101011101001011111001011111000011101
11000011001110101110111101001101111110010010101011
11101011101001110011111101101100001111000111000101
11100011010110111111100100111000010100011110111101
11110111111111111010000101111101011111000000000101
