20
10010110100001100000
10000110011100110000
10100100110100010010
00001001001001100111
10001101000101100110
00001000111011100101
00011000101111101000
11010010001011000101
00010011101000111100
10101001010001001011
11011000100110100010
00100010010101110101
01000111001110011001
10100000011111101011
00110111010010101011
01001011101110110001
01010111100110101011
11001100111110100110
00111111011100001011
00111011101111101010
20
11001000101000110000
00000011010000110111
10000100111101010000
10011100001101000100
01001001110001011010
00010100100101110011
10000111001000110110
11100000110010100011
01001110010010111000
11101110000010010100
00001010010110110011
10010011000100101101
00100101111011001001
00101111110011010001
10010100010110111101
01010001101110011101
01101101101010011101
01010111111100001101
10101110011110010110
01011111110010111100
